level0
03
00
0100
0020
00


level1
603666
600666
641006
600206
600666

level2
66600
603300666
604340006
612232206
600660006


level3
6666666666666666666
6666600066666666666
6666620066666666666
6666600266666666666
6660020206666666666
6660606606666666666
6000606606666600336
6020020000000000336
6666606660616600336
6666600000666666666
6666666666666666666



level4
    6666
 66660066
 600604666
6632600406
60001040406
60006004006
66666040406
66666604066
      000
       00


level5
66666666
60000006
60226206
60234006
66033366
66632666
66333066
60043206
60262206
60010006
66666666
